95090916236
89010652739
56081364199
94030189712
02302338788
92032454546
87030919887
88122869752
56122414999
78021977353
69041277736
85111985149
09311878984
68042783466
87041335993
80062015486
93041928699
56042631438
60100347212
02220981338
51012245699
91100423695
09212795337
99052292956
78081953236
87030966742
53030328844
62071346744
80043098558
77032556122
53123087832
05281248576
89041641515
79071725415
77022445281
88092428281
53040151959
72050824725
99090183984
97091512237
59110529118
83122442572
79102763694
53061117275
82012198717
88071173142
62022354558
85062881897
53051172611
81052517724
73042899565
52092989316
59070369492
81021229214
73082632881
69070822749
82030232349
68080923437
59102724688
71100523625
89062695423
99060863892
06310186832
88012287842
72103156722
89080965573
86122013676
61032333746
94081597791
78062576678
79020141947
65061775146
92071341791
58090137751
86101588171
67112136168
82080349723
82041099876
90101918465
75021658493
82061568286
82100469691
00240339788
69062921841
68062926955
82062763895
89092131924
75060122221
96062734375
81021029944
91121061841
06322183678
58050296348
05283045782
61030689313
87061668783
64020585558
55071522511
77101543462
88092671382